<?xml version="1.0"?>
<opencv_storage>
<MetaData>
  <timestamp>"27-03-2015 15:59:41"</timestamp></MetaData>
<ElementTypes>
  <button>
    <primaryHue>198.</primaryHue>
    <numPointsThresh>60</numPointsThresh>
    <maxDistance>2.9999999329447746e-02</maxDistance></button>
  <slider>
    <primaryHue>0.</primaryHue>
    <numPointsThresh>30</numPointsThresh>
    <maxDistance>0</maxDistance></slider>
  <calibsquare>
    <primaryHue>0.</primaryHue>
    <length>2.9699999094009399e-01</length>
    <width>2.0999999344348907e-01</width></calibsquare></ElementTypes>
<Elements>
  <elemnt0>
    <typename>button</typename>
    <id>button_green</id>
    <numPointsThresh>60</numPointsThresh>
    <maxDistance>2.9999999329447746e-02</maxDistance>
    <hullCloud>
      3.6023634672164917e-01 -5.2016073465347290e-01
      1.6808642148971558e+00 3.6962506175041199e-01
      -5.0312000513076782e-01 1.7010393142700195e+00
      3.6936590075492859e-01 -5.0162088871002197e-01
      1.7026382684707642e+00 3.6589556932449341e-01
      -4.9986258149147034e-01 1.7040004730224609e+00
      3.5574373602867126e-01 -4.9608674645423889e-01
      1.7064882516860962e+00 3.5253262519836426e-01
      -4.9582758545875549e-01 1.7062515020370483e+00
      3.4932142496109009e-01 -4.9556839466094971e-01
      1.7060147523880005e+00 3.4611031413078308e-01
      -4.9530920386314392e-01 1.7057780027389526e+00
      3.1425803899765015e-01 -4.9421656131744385e-01
      1.7018114328384399e+00 3.1130605936050415e-01
      -4.9545654654502869e-01 1.6999756097793579e+00
      3.1109657883644104e-01 -5.0712269544601440e-01
      1.6871715784072876e+00 3.1504791975021362e-01
      -5.1183462142944336e-01 1.6826541423797607e+00
      3.2677990198135376e-01 -5.2321702241897583e-01
      1.6720960140228271e+00 3.3648115396499634e-01
      -5.2544969320297241e-01 1.6712244749069214e+00
      3.4834611415863037e-01 -5.2357065677642822e-01
      1.6752043962478638e+00 3.5732764005661011e-01
      -5.2138251066207886e-01 1.6790553331375122e+00</hullCloud>
    <plane>
      -1.0867762565612793e-01 -7.3394483327865601e-01
      6.7045813798904419e-01 -1.4695684909820557e+00</plane></elemnt0>
  <elemnt1>
    <typename>button</typename>
    <id>button_blue</id>
    <numPointsThresh>60</numPointsThresh>
    <maxDistance>2.9999999329447746e-02</maxDistance>
    <hullCloud>
      2.3571121692657471e-01 -5.1581388711929321e-01
      1.6628682613372803e+00 2.3531678318977356e-01
      -5.1707386970520020e-01 1.6613672971725464e+00
      2.1992418169975281e-01 -5.3448253870010376e-01
      1.6432427167892456e+00 2.0514696836471558e-01
      -5.3805989027023315e-01 1.6425703763961792e+00
      2.0249024033546448e-01 -5.3720670938491821e-01
      1.6443550586700439e+00 1.8081404268741608e-01
      -5.3007930517196655e-01 1.6591281890869141e+00
      1.7811843752861023e-01 -5.2921378612518311e-01
      1.6609388589859009e+00 1.7542284727096558e-01
      -5.2834820747375488e-01 1.6627495288848877e+00
      1.7171268165111542e-01 -5.1740121841430664e-01
      1.6776654720306396e+00 1.6875825822353363e-01
      -5.0904762744903564e-01 1.6890801191329956e+00
      1.6885828971862793e-01 -5.0483649969100952e-01
      1.6944166421890259e+00 1.6926056146621704e-01
      -5.0355154275894165e-01 1.6959472894668579e+00
      1.9907383620738983e-01 -4.9181184172630310e-01
      1.7030628919601440e+00 2.0540609955787659e-01
      -4.9100357294082642e-01 1.7024281024932861e+00
      2.2995187342166901e-01 -4.9632498621940613e-01
      1.6892007589340210e+00 2.3460294306278229e-01
      -5.0694239139556885e-01 1.6744573116302490e+00
      2.3689451813697815e-01 -5.1203382015228271e-01
      1.6673711538314819e+00 2.3650008440017700e-01
      -5.1329380273818970e-01 1.6658701896667480e+00</hullCloud>
    <plane>
      1.6020242869853973e-01 -7.7633690834045410e-01
      6.0961973667144775e-01 -1.4519243240356445e+00</plane></elemnt1>
<!--
  <elemnt2>
    <typename>button</typename>
    <id>button_red</id>
    <numPointsThresh>50</numPointsThresh>
    <maxDistance>3.</maxDistance>
    <hullCloud>
      2.3924186825752258e-01 -4.8852261900901794e-01
      1.7898224592208862e+00 2.5397685170173645e-01
      -4.9259442090988159e-01 1.7830371856689453e+00
      2.7528387308120728e-01 -4.9293535947799683e-01
      1.7754868268966675e+00 2.7838155627250671e-01
      -4.9255871772766113e-01 1.7745628356933594e+00
      2.8147917985916138e-01 -4.9218204617500305e-01
      1.7736389636993408e+00 2.9325446486473083e-01
      -4.8217755556106567e-01 1.7736216783523560e+00
      3.0009862780570984e-01 -4.7556993365287781e-01
      1.7739347219467163e+00 3.0352067947387695e-01
      -4.7226613759994507e-01 1.7740912437438965e+00
      3.0731377005577087e-01 -4.6602952480316162e-01
      1.7753143310546875e+00 3.0768477916717529e-01
      -4.6309673786163330e-01 1.7763808965682983e+00
      3.0805575847625732e-01 -4.6016389131546021e-01
      1.7774474620819092e+00 3.0082574486732483e-01
      -4.4706591963768005e-01 1.7853019237518311e+00
      2.9811838269233704e-01 -4.4447803497314453e-01
      1.7872986793518066e+00 2.8553813695907593e-01
      -4.3598443269729614e-01 1.7951370477676392e+00
      2.7831426262855530e-01 -4.3264436721801758e-01
      1.7990114688873291e+00 2.6110067963600159e-01
      -4.3330785632133484e-01 1.8047285079956055e+00
      2.5029546022415161e-01 -4.3605133891105652e-01
      1.8073685169219971e+00 2.4506773054599762e-01
      -4.3822020292282104e-01 1.8083026409149170e+00
      2.4057731032371521e-01 -4.4017949700355530e-01
      1.8090658187866211e+00 2.3484548926353455e-01
      -4.5094385743141174e-01 1.8066712617874146e+00
      2.3446884751319885e-01 -4.5392146706581116e-01
      1.8055884838104248e+00 2.3409217596054077e-01
      -4.5689904689788818e-01 1.8045055866241455e+00
      2.3371551930904388e-01 -4.5987665653228760e-01
      1.8034226894378662e+00 2.3405717313289642e-01
      -4.6749076247215271e-01 1.8001998662948608e+00</hullCloud>
    <plane>
      3.0659276247024536e-01 -3.5933169722557068e-01
      8.8140887022018433e-01 -1.8264569044113159e+00</plane></elemnt2>
-->
  <elemnt3>
    <typename>button</typename>
    <id>button_black</id>
    <numPointsThresh>60</numPointsThresh>
    <maxDistance>2.9999999329447746e-02</maxDistance>
    <hullCloud>
      4.5541059970855713e-01 -4.6062064170837402e-01
      1.7618162631988525e+00 4.5014256238937378e-01
      -4.5399767160415649e-01 1.7651839256286621e+00
      4.3717816472053528e-01 -4.4877475500106812e-01
      1.7691245079040527e+00 4.1671448945999146e-01
      -4.4503119587898254e-01 1.7735781669616699e+00
      4.1340777277946472e-01 -4.4519519805908203e-01
      1.7739959955215454e+00 4.1010105609893799e-01
      -4.4535917043685913e-01 1.7744138240814209e+00
      3.9729601144790649e-01 -4.5075282454490662e-01
      1.7741644382476807e+00 3.9380764961242676e-01
      -4.5385879278182983e-01 1.7734540700912476e+00
      3.8666614890098572e-01 -4.6301192045211792e-01
      1.7709032297134399e+00 3.8650131225585938e-01
      -4.6595308184623718e-01 1.7697728872299194e+00
      3.8633644580841064e-01 -4.6889418363571167e-01
      1.7686426639556885e+00 3.8774847984313965e-01
      -4.7951111197471619e-01 1.7642697095870972e+00
      3.8829296827316284e-01 -4.8145821690559387e-01
      1.7634261846542358e+00 3.9054885506629944e-01
      -4.8808199167251587e-01 1.7604974508285522e+00
      3.9367553591728210e-01 -4.9083018302917480e-01
      1.7589628696441650e+00 4.1259878873825073e-01
      -5.0440794229507446e-01 1.7508741617202759e+00
      4.2141988873481750e-01 -5.0766921043395996e-01
      1.7483077049255371e+00 4.3030312657356262e-01
      -5.0802403688430786e-01 1.7468730211257935e+00
      4.3355932831764221e-01 -5.0786256790161133e-01
      1.7464615106582642e+00 4.3924605846405029e-01
      -5.0551724433898926e-01 1.7465525865554810e+00
      4.5683532953262329e-01 -4.7608458995819092e-01
      1.7555391788482666e+00 4.5699846744537354e-01
